1000
93692 190657 54953 138060
53333 138651 31010 84583
41593 119772 42374 111566
41694 85018 82751 166768
24175 50402 43327 122180
1284 41031 39145 90419
8249 35131 80907 169685
83134 176604 57267 151678
93497 190815 37841 98489
62227 132880 77551 165439
35633 79756 70468 168180
49915 126190 57680 127000
15115 94873 47657 146058
43200 112220 60470 126728
2296 93344 22328 70624
15952 92578 39514 90850
14188 81499 25588 87635
9280 69957 46460 103594
74251 154586 26547 81580
34085 112595 28288 107345
81225 163716 29586 80832
74938 169683 64239 130928
41822 110042 27288 63933
23363 105566 41486 112086
58673 130627 32981 94667
60884 123806 86527 181343
4081 43815 22020 87547
53044 133437 99288 198897
93971 191742 72894 168589
85595 175822 48267 101695
31043 121150 78384 159808
94041 193231 27921 103660
80345 175719 63636 150025
34123 108607 73777 168811
93147 191749 78144 161949
46717 143980 98151 197723
86073 183756 71285 146869
50919 133080 98225 197280
20008 78050 45378 133992
49881 149075 45552 112267
74565 153318 38798 90366
50371 137703 45079 106903
56333 125647 51686 147847
73541 155734 61641 126071
96259 195125 41027 138739
2370 73546 86240 174730
21828 76765 55516 126257
18447 87039 18313 61893
42799 136103 25176 90593
32989 80235 94943 192845
94100 189503 95397 195393
6743 93972 56850 156283
90514 183401 25676 66618
7079 89490 20292 87016
54984 130138 99317 199100
1705 27222 79425 159264
28695 71258 67294 163733
27383 66620 73062 155265
47061 115670 11200 41504
85872 183878 64688 153916
22728 118670 52674 146899
69990 161804 84906 179774
71600 160368 28100 80845
43376 95901 7286 63717
57912 115935 27886 104380
98467 198416 49081 136090
27386 54965 35196 79348
69680 151880 14498 29049
91235 189106 90950 189529
18204 81008 65718 159822
73161 165014 47282 119399
84109 171653 74934 167519
24593 84609 37990 110599
38204 106011 80423 172681
35023 119015 33721 129237
9939 59572 46185 92981
66072 156692 58809 140286
45930 118144 77708 155880
23798 81715 77777 170418
87275 176901 90042 184410
10498 108867 10128 107040
27477 122375 9607 33963
47123 112387 35803 102955
39520 116551 24012 80942
77767 166777 25998 94182
88182 177565 5892 20169
56357 121928 43129 91969
56203 113666 38045 108120
55620 119556 43249 134343
54776 128140 79794 171400
83623 169688 5007 51113
77521 174643 35565 109649
79721 163595 80903 169183
82507 173163 5860 62674
79432 175160 29577 73094
86618 182685 30124 97436
37633 95542 85157 184378
97822 195819 9269 32946
4008 85858 30406 98421
25041 100959 20742 73820
81350 181261 65018 147273
41289 89849 56004 148280
9617 40076 77916 175410
12505 70039 72330 155616
93009 190144 55600 146126
77303 177210 55489 145211
73007 170617 6516 32856
73324 161132 1090 55182
27648 85327 99465 199416
68050 143934 97435 196934
67337 167305 3684 90258
55516 122911 38685 121161
36618 104971 82793 176670
18932 87590 7664 99988
33976 102154 47606 102334
81264 180826 97582 196280
94682 190358 11794 31369
36185 94620 8593 81447
63296 128732 34425 127356
59778 130210 27382 62884
96208 196031 50689 136958
1407 22629 68491 168461
15036 98373 47835 98811
87041 179989 36039 116187
57585 148259 29089 112594
79511 178811 9330 31904
43069 135370 72486 156782
26061 85986 59722 144961
34922 110613 9956 105953
41739 108425 6970 68726
97043 196060 38681 106880
70418 156143 67394 142014
95498 193324 42938 126946
28662 90580 13410 47451
8400 102877 87278 178235
6534 100952 56612 141618
13355 49963 62354 149010
32828 112851 83711 179692
19356 105605 77350 155263
73060 156600 12155 65353
82277 166488 23925 117914
73526 159126 30794 72811
57537 116999 87919 180576
92431 185834 80882 175324
69481 154961 8553 52079
19981 74253 61076 134684
14265 58391 43540 101312
98899 197829 46407 107359
28491 66340 53569 146935
82889 175086 47306 99334
40214 94051 73418 163407
98560 198390 5486 96144
99798 199763 10293 54854
83346 171401 90615 184734
97754 197333 40760 117677
39953 119016 96116 195074
84873 183768 67422 145268
40441 90165 34063 124668
49045 102779 46978 104629
52330 146437 91417 191285
12421 71357 67875 164003
57297 147774 99230 198483
33470 91390 70620 167888
99853 199820 95430 193830
79919 174204 36334 117850
82238 175223 72146 155199
88368 186006 4758 97358
99138 199054 35911 94420
74998 152870 3747 66676
83732 172576 90923 189736
23277 117625 17967 71044
76750 171592 78948 175455
86087 180976 19643 56475
13116 84562 88526 181857
31053 87952 67945 158611
27083 123439 73936 167831
21780 107803 9954 43698
15650 35909 27879 63119
61674 127730 24348 105597
38134 121528 11190 57045
75353 166721 5985 72502
69808 158040 45287 138962
79587 162687 40488 129876
98219 198192 32461 109869
47742 131373 33164 82953
91145 189781 54958 137265
21567 117507 77071 159691
49571 115665 89426 184956
59618 126294 99964 199930
20310 51979 28466 80267
47228 107251 78317 157704
34308 130846 5331 59263
84972 176853 46224 131041
11289 98318 33415 131522
79639 161053 86207 185962
33885 128539 54215 145936
17741 53769 29604 60241
5443 74186 34366 94541
53782 137938 81085 175915
49477 102088 5319 104729
67537 146069 32177 120392
10275 63117 82409 174874
19240 64235 7057 42922
94975 194724 72632 154380
19483 106509 24904 110851
30704 123401 68289 155675
29859 92738 58918 134664
33641 129415 93698 189045
16881 115240 89304 181147
74128 158793 3157 76719
56957 126874 56145 135139
29032 96228 84189 177463
62796 145630 48785 146391
5440 50847 27886 80420
76782 168999 4891 62854
71618 159004 24861 87403
73531 147304 4111 47128
47689 131932 89230 187321
38261 107399 78680 176426
94746 191151 91692 185363
45445 97707 36624 97775
26645 84865 79010 173303
89074 187372 11949 100335
27674 74472 50770 106400
36587 98510 25566 89291
60367 149177 83082 180825
49397 118623 45345 117984
46084 145804 3076 91307
90982 190204 31648 106363
68508 165986 84813 179820
64196 130564 52201 116550
50847 135783 48940 123985
5779 95279 18506 108661
26726 59716 12195 35657
11327 91352 36825 109421
35083 81093 60392 127707
78341 177070 48702 100695
85716 178077 17960 105872
5458 30014 72834 156445
57907 155229 29206 122421
44688 131697 9964 28169
14690 77444 67417 143370
80379 167378 71763 157380
29093 65844 22291 121412
46975 112426 15692 91613
30981 83988 6362 89445
2406 72270 55463 122864
76076 154548 3254 100276
84696 171453 70731 159343
42199 122501 56105 129495
1132 22922 69449 140209
55121 146355 98961 198780
44928 119298 11122 40409
35950 130066 50533 134912
61632 149154 91838 185903
76839 172710 85285 180209
18722 98647 70538 162743
12051 37941 12337 87621
89826 180352 77998 168288
53200 128971 70144 157640
71338 164084 99128 199103
49306 115272 87475 177725
8991 26025 67233 140340
37871 111635 83430 174095
24187 92054 36458 86233
72417 151506 42423 138711
32138 66672 69951 159995
10268 62736 75331 156575
77650 173397 94467 191955
24196 58094 38681 112762
76655 159145 49566 121436
28325 59058 78976 165273
91003 182992 31975 68280
41035 134939 51071 114525
44503 100489 67910 165736
86889 185118 76209 155136
63419 162263 89417 184823
37812 102194 54594 120407
67557 144009 35473 125351
15508 89557 64267 151308
70041 166295 36745 97603
17004 106997 21721 105720
51253 117480 90616 185480
32690 70700 15031 92020
7883 23593 63308 136502
93810 188194 35542 133402
81484 166378 53231 149712
76740 167811 74803 173025
27867 100829 29083 78480
47843 146814 68161 136995
25700 85612 19513 84853
15024 98763 1176 97754
2974 26271 25699 77109
50280 116357 64369 130543
95832 195466 32566 117983
86096 176917 57057 129546
90129 180592 45601 98388
1259 37562 87721 181529
55761 137979 87252 180379
78611 173310 87582 181369
97726 195720 96217 194932
57435 139444 68514 158721
24081 80182 13377 51580
41027 114299 63626 161453
10294 68176 33587 125603
18574 48222 92318 188771
97485 197193 3512 83043
94347 193334 31504 107748
25726 72321 16640 66756
80060 174126 69109 150249
22589 76949 61937 124862
19186 67697 23183 104814
49921 116936 50842 136737
98750 197675 90656 185022
65495 158901 40162 91542
12879 66170 97475 196595
74163 167875 71863 150454
88635 181663 18508 70978
50570 117383 9548 66034
13201 109790 86957 181602
10627 22349 5217 46757
34227 128008 65489 151484
15477 93792 70784 157460
82671 176045 79434 179145
38323 112319 54398 114626
78891 171344 36505 118764
71387 158322 91583 183805
7976 56392 99537 199430
28799 102331 98397 197713
40620 122352 97479 195427
95123 194724 94976 192278
50854 106607 16947 95429
60143 130305 89103 179009
17653 62364 37120 98863
50063 125531 9294 63013
26090 54477 47605 142841
21535 73773 60057 125254
8700 63852 68957 154570
37688 99460 55067 143792
56483 115974 21550 56689
44820 106533 84387 169457
7492 19597 12535 31581
1046 21189 51075 136808
58888 147511 40363 136657
28629 60453 68975 157902
14695 65512 63846 128843
13884 107026 15879 77505
16715 55671 47273 106113
21455 63237 6149 55141
15873 94056 80790 180361
25582 104013 89732 187269
36242 111005 86669 174503
48847 104671 32190 118408
75568 169951 15103 100737
24108 99637 71830 144420
86794 179251 24790 63699
86200 176479 94891 194715
91923 189307 76395 167711
70253 163047 26073 55129
38329 94706 9767 102910
59272 141782 62587 157664
55596 117409 2974 63362
4622 27008 41086 109496
64111 158333 51091 145134
66460 139647 67674 143767
93742 187488 84359 175079
77451 166516 14446 95188
84776 170709 61781 142452
75997 161769 30385 80538
51834 141977 53575 128233
90000 184646 15263 51634
17945 46145 93463 190438
41985 89091 70135 152945
93449 190275 9928 73771
10712 35888 38528 88049
55308 151102 93617 193272
51264 106265 79314 163912
63972 146882 57020 152220
75376 162397 43137 111927
34830 93670 85245 181551
31115 91060 10513 42749
50453 139099 59442 143909
84663 174199 50401 149731
57872 115858 21955 112500
86796 177737 91371 186575
21648 74722 66728 144995
36624 76115 52004 136643
81434 169618 41499 133273
67432 154062 52893 132884
23051 80555 2649 95884
32209 73850 47899 124409
63019 148858 66023 147438
21791 104813 88062 185279
74542 162318 89747 179669
96594 193243 64895 135858
70325 165558 97641 195359
83875 171681 97879 196151
82392 167114 20753 79842
75718 157416 16662 56623
13029 90356 8725 30461
33696 72864 66983 161596
29755 109935 94597 193611
69697 139427 59828 153799
15832 94789 76374 159826
2217 83605 94225 191986
25867 66762 35394 96337
41021 88521 90681 183113
36361 123546 46669 124834
81651 172302 71772 165014
32720 83898 65551 145298
89943 188141 19786 87899
45874 144639 80377 177083
96952 193932 89203 178850
39874 121721 20071 111026
76512 170360 77974 174950
9951 64539 78116 172819
63235 150874 30259 86211
52146 130400 86288 179038
69016 163372 43494 125551
1376 37824 10000 32671
95244 190850 28963 63508
34820 129845 51156 147368
17312 75203 71034 165760
31568 72368 92711 188536
35106 78814 13737 48689
37266 99682 7447 72553
46487 120565 90370 188542
96143 192401 78462 170548
29009 69826 72549 158617
43345 143050 47786 110761
4864 64940 12835 102438
30667 100389 34498 110653
23586 50761 89799 186572
54555 136525 6105 32936
69166 151583 1652 23674
46998 111279 59590 132067
75004 161267 20916 101656
98417 197838 84238 175731
32400 123031 96950 194540
49144 122181 10142 68790
95965 193983 7281 64403
35382 125699 80243 167170
22208 44419 98348 197670
52373 116089 40208 104353
18961 101461 87414 181351
39673 103185 58915 126915
10154 25154 44619 91243
72660 155052 49090 109986
67342 148676 49563 134884
79055 169961 30864 87329
22779 112827 59664 145635
15974 60368 82196 166908
35651 86614 29651 78345
99973 199946 9747 21368
50603 115911 95303 194220
75467 169886 36015 135543
45567 124195 90312 182322
10786 26629 85470 181421
86726 177852 85242 177795
81620 173540 60240 144272
98333 198094 56631 120139
98837 198163 96764 194528
67651 143498 4755 93339
58903 134905 38228 113545
7169 17552 7502 41884
60014 127738 38883 79622
1443 14520 5384 52959
51886 148140 37086 122168
55453 133451 69638 139337
49493 130963 96722 195097
48767 139887 39139 128271
60518 159393 28890 65476
24273 90144 52598 144120
81728 164996 83276 180389
90838 185150 67528 157954
30968 64787 93060 188502
90061 188828 2534 37066
90286 189354 31653 129510
93121 190321 40918 124521
71658 147095 30500 102294
70995 150340 29450 80642
89952 185962 20749 103707
38491 90454 32453 88894
81016 179323 84584 184234
23627 119463 74882 149853
5854 97431 68770 148446
86930 185592 96995 195611
85617 180504 28992 96986
38841 91944 66625 137917
3515 78508 31529 106390
26733 58046 51635 139450
98160 196358 61371 141451
76350 167860 39542 86930
6328 100675 10688 27458
74026 153281 53068 149329
6983 86878 75199 170926
93870 191408 78048 174130
70448 145737 72211 158048
47255 133800 65361 151266
77499 155110 1124 47949
53169 109267 77614 170945
74588 173077 42008 110693
10210 54315 85875 177935
43111 124364 73706 151000
42040 136059 33594 128016
43938 93283 5094 70483
5459 17932 72570 157395
49171 142055 85494 180172
44329 105659 59821 141231
98775 198440 26360 96058
68853 163809 72731 166851
31155 106600 1526 48370
5649 42661 80701 165009
5069 96375 49825 101905
10815 83120 91775 190340
60785 143574 28806 63988
52838 108171 58741 128126
8709 41708 80547 169419
87971 186938 46902 141089
63688 137580 88803 180350
76184 172952 10221 61775
62559 128305 85261 183201
79954 169670 47425 131120
8799 20766 79194 169344
30376 110933 10495 78111
11469 46037 62535 161142
86336 174612 21634 92415
58130 145340 67489 140223
69920 161125 2501 22864
35869 112797 17329 87210
15684 40412 62426 160759
86274 180595 57148 149809
20926 116472 60363 152513
99784 199732 88985 185780
21941 102768 1858 101524
60451 157676 54078 119578
64453 141181 48343 142874
12636 74615 56166 118081
46164 103802 1710 11760
32590 101045 38165 135110
2521 24540 86040 182886
55417 154273 86690 182387
66556 139440 23689 120651
89209 187178 95083 194878
51789 132203 69565 160416
9696 50524 71125 149449
90946 185277 39897 119256
48330 105623 99328 198826
83198 169668 40315 106044
83697 177919 31200 122601
74521 167663 45905 143902
91960 189560 91803 184068
56397 146755 44851 112349
22846 55893 66239 132501
3359 9547 91293 187460
22925 104212 9258 32942
8505 81175 20971 50660
71894 148886 17415 103960
87756 183192 23226 95800
73269 148350 80932 167755
51829 128203 38132 130750
77596 156315 8258 24163
9707 93597 57956 124547
27013 107579 62134 139398
4835 53751 18163 59693
70987 155340 46889 128554
16944 74913 65335 146791
49126 109488 91073 189084
27256 104380 62932 154539
84132 182563 22683 74382
45341 136537 74069 172082
9620 19577 5476 31519
3928 8509 40643 91928
72844 147091 33235 85131
86332 177646 48879 144229
28590 114050 92818 189156
5255 45292 6080 77024
8161 88426 58638 151949
78163 175674 20683 59594
22006 65139 98420 197560
43054 101711 34149 120161
16336 104298 58098 129148
90409 189683 13576 48953
15934 54039 54742 111606
9217 48629 19128 40099
16316 58600 86033 174161
30514 67014 5302 89827
4028 9433 28190 84034
64087 132648 37159 116444
9738 41254 19613 77935
42028 104213 34548 90465
20037 60361 66873 152418
66988 137825 43144 103226
14148 100198 82991 181963
89918 181967 69578 147595
86379 174155 5568 61970
60044 128720 12346 73646
1735 19599 66889 166050
76943 158600 42074 123812
27644 63762 46098 103077
80431 167308 70999 143068
64641 146327 72850 162966
63038 142037 48870 110711
28392 83817 11787 28877
61029 148733 40140 91607
92459 186652 18596 116197
15324 46368 35364 97275
58301 156906 14303 68245
69235 146323 15358 36310
98914 198694 36005 118836
20992 82556 68460 138721
26139 55791 78075 168271
85876 180872 52228 147000
63281 148894 92556 190151
41717 100133 49082 106436
45765 138040 61288 129573
32298 108045 22994 93212
27911 105063 5025 10610
80527 163889 32857 104812
45343 128583 44790 133413
6616 31112 62694 129325
79624 176882 72580 153851
65978 139780 86811 174541
79887 164982 59747 150549
49180 118298 69798 168583
38562 116226 52088 127298
2586 72374 79375 170492
88385 186615 18405 103652
9023 70719 86719 184192
50605 139928 56753 135748
94941 190205 35553 82279
49157 139901 33138 95617
22898 106479 30807 110041
55876 115867 39508 118145
68680 139334 68955 147404
49473 129691 94206 189452
39595 97938 10870 86030
26788 65311 18885 79358
63747 142203 71662 152459
19596 67405 82598 165977
92817 189449 32730 119389
69473 164219 9308 22358
70255 163237 71612 145959
89037 188517 82266 169223
83334 173231 92007 191089
81886 169521 12969 91769
54592 115601 32492 66050
64177 145930 55117 127455
8660 41109 67050 149724
70601 169085 24656 64897
23259 100879 82257 173494
62816 157549 15848 45766
45975 101068 81670 165189
47726 101020 64819 152363
18738 60918 57454 139753
24974 88161 22327 59491
5552 98422 23681 105358
23798 76059 85675 182880
31836 107095 69694 152023
62716 138100 34232 73120
27922 90714 87869 181694
37551 76763 63880 145516
95995 192492 53582 112802
86129 185029 80771 164920
51140 136084 92134 188056
82235 171364 34513 108982
88494 187136 31686 99888
29057 99099 42975 112654
27705 114082 31452 107163
55123 126159 25558 82050
71505 156791 36905 77211
43673 94764 47798 134605
82614 172858 59722 157069
40185 103652 52370 143704
55283 141346 27895 106347
20856 56276 67070 147026
26134 96519 30057 97614
67905 153775 78598 164612
66362 136746 85052 183379
19402 71830 50432 119525
26455 123190 25654 114720
87539 180029 34823 90295
83482 173111 25058 91198
67919 154877 22727 104115
66641 160622 99877 199866
57767 118536 86206 174128
80519 164220 66835 135877
89476 183893 52465 148674
41605 110817 80186 164680
19901 55307 90825 184910
97840 196733 50813 140509
36477 80247 69961 145932
94749 192389 91026 184823
51116 104246 66410 144758
66596 159527 55309 148609
13504 94683 30829 119750
97256 196957 15091 31391
18617 39788 86264 177014
92988 187654 12574 45899
28457 97094 54033 146073
20776 96153 21493 110266
92970 188625 32873 115764
6683 58953 39402 129417
62597 146304 38688 93450
34226 108065 20989 86446
96058 195560 28290 74484
93254 187015 26512 86373
91656 191353 55987 132944
35863 83551 7943 26236
95012 193144 25297 123236
3866 55317 51114 124429
94451 191122 38031 137051
75319 168565 52425 125925
38317 78196 26804 60892
16753 97232 98445 197717
30819 79971 20331 44601
48261 128014 44310 113407
75686 168690 51966 150266
7354 15735 6050 15456
71454 164234 94692 190427
7339 39232 98550 198533
69537 169299 22484 105696
92917 187075 2369 72275
66222 155648 56216 138725
55203 131780 87012 184982
31445 75565 84669 182983
86253 176996 22043 101269
40691 133428 84527 174781
42630 137287 89614 183202
33033 125696 38984 84242
15733 64827 28475 121906
15416 60557 89351 187915
1063 36926 68700 155114
11860 62602 15198 37659
60165 137873 82378 167042
17563 59373 67262 154480
37812 88814 47325 104671
46979 115232 45629 116979
71972 153142 7038 69700
70686 164991 48314 128504
13416 40313 69018 145154
66754 134126 50271 112660
89634 186084 76298 154081
60900 151602 41071 119782
26105 63783 62715 145909
81361 168519 79960 164147
15628 72058 70800 141827
37600 85874 97523 196314
87153 178813 66255 139363
40586 82598 39051 101025
81289 172879 81161 175571
31944 114349 59918 131567
42528 112272 20590 68505
99264 199153 14146 111825
19948 109419 55812 127598
82722 176568 79615 167393
15553 92810 50303 147060
29937 84698 10839 62059
95954 195056 80760 169842
42090 136740 85981 178504
36421 118563 64881 145443
89940 183101 86321 175728
36107 117930 59856 141357
25661 104840 90453 189628
87201 179872 78431 164138
93868 192544 16971 80212
97458 195222 5670 81575
62817 133273 50622 124935
9529 52824 88181 186414
98254 196877 30494 71453
94370 193998 55933 155395
99472 199241 58049 125449
8911 32175 73129 148342
71717 148201 19914 55028
77842 160654 91804 189005
95868 193993 73605 170932
77957 162212 16019 114981
62541 126712 17103 96822
9890 92548 17396 43167
57517 127851 27879 84580
32452 82397 81504 170220
16999 111987 3739 70026
65638 134738 96916 196014
82298 168633 15409 113179
10692 69726 4712 47848
75362 156117 30977 69001
22150 53945 37190 107503
28441 124315 57208 136899
77022 157062 1835 13010
16205 113426 7718 77603
92322 188262 28383 104965
39002 78884 98777 197587
56949 120719 69882 162703
66537 159530 49411 110923
20222 107226 76740 172751
61573 144779 22633 95395
24948 58174 51399 132120
56107 129827 56657 149007
8271 65188 59365 140068
88236 184035 72153 167361
41961 126426 93316 187249
92839 191423 95438 194477
42162 124546 46636 117909
19594 74815 17207 87698
44538 89471 94367 191348
43074 126917 55592 131839
38852 109977 10589 53094
26441 96991 46946 135760
12282 25289 5144 77584
19956 55743 62545 125452
50792 102685 97844 196552
24616 69891 6461 64304
38261 77602 72824 151983
43739 87841 59625 152747
8256 54983 22820 52102
42820 123558 9539 33894
10366 40679 45006 133471
66568 160558 69353 165462
58540 137393 32316 67808
70520 155055 80298 162280
74451 153887 43486 122941
41611 134047 85829 177424
11435 103438 94315 193292
31234 128062 3864 64292
68508 146748 46818 118619
4446 27476 67844 167124
65277 131902 66695 157614
28162 107937 25060 111161
3316 10266 33958 71748
27214 74780 97407 196910
49572 129847 78551 166060
70189 142559 17351 72262
41255 117838 26232 108510
75765 153023 71779 170074
48662 121198 56463 134422
14474 113986 91233 184828
39089 107934 62143 124484
52257 151578 70433 167017
64844 156241 18785 107628
65351 139130 48199 124185
84625 177284 67839 142570
61669 124641 90605 182139
85141 173917 65888 135474
10032 31070 25084 114233
28038 97322 73503 155308
57488 146763 58186 131875
92554 189548 43398 101118
13783 69154 65408 152501
13437 30353 26869 115038
76490 159837 74905 159017
30793 66822 85294 183504
30994 89847 43471 114836
15111 43333 71120 154170
16651 62405 37810 114335
5584 64380 37503 76527
80029 160216 88794 179616
31948 69279 10804 80077
92883 189340 67012 138307
36779 112863 77224 164658
19274 44096 93812 191945
57999 134263 67986 156090
56335 131902 20452 58016
89085 180366 44037 99068
46178 112156 64829 148757
68697 142127 2090 38564
67373 142452 38896 131493
28537 59336 21018 77631
99709 199631 71390 169914
14394 105630 1978 14085
66961 159181 87547 183452
75245 158960 83631 173128
4201 18645 81271 179645
83840 180243 15369 72244
20116 92485 85832 183340
25473 63451 45750 115116
43859 91159 50983 115666
92667 191877 53950 119293
15172 99957 66519 145373
8485 82118 62174 146985
83098 167384 57424 128949
7492 59868 61525 128147
65321 160258 54183 127800
67676 136014 40577 107220
46029 117383 36246 124679
84164 169277 15995 50475
45608 102821 81535 176534
92853 188506 89141 189099
11932 74267 87091 180762
51809 144727 8050 92985
54910 152787 77124 170771
76766 155582 2095 38876
22843 85920 5226 52570
42644 113797 26551 61949
56472 133963 57214 122338
48936 134930 25828 97453
18072 104737 69406 141523
9278 88998 72324 151122
9011 26841 85594 183715
25122 110385 27746 77505
51837 139718 64710 129767
92332 185894 44166 107705
14746 72048 24211 53978
3118 78833 67283 135888
64123 132462 68673 141916
67849 145938 15243 87706
62643 158666 75667 161047
75638 156279 12733 73187
3527 89742 79838 177024
95152 193022 53472 138876
49461 140311 98465 196932
69616 163732 10721 38041
80336 172357 19435 45656
17145 78121 43421 141178
84744 182207 41226 105221
90246 186294 81714 170200
21293 45637 52989 118136
93197 187562 13705 104171
61740 155118 4365 64118
93835 193287 29369 62517
47850 133571 80361 164862
61474 155164 78864 167324
19923 112054 44644 115657
74958 171200 2041 51229
30193 63186 31133 126053
86963 174596 89228 185575
3834 8416 20230 63110
42177 92679 57750 119940
75826 152257 78081 167315
3211 81845 2596 18804
73997 150072 22424 98295
13184 69868 31632 89023
4949 85275 18047 105158
20262 104591 49982 143602
44715 105871 30074 72603
15094 112394 25801 68798
1809 25314 93885 190245
55744 115860 54583 131308
37422 91828 82691 180572
5140 76151 29056 79306
56612 121944 73837 161550
83746 183367 50618 123721
55503 147084 58590 153922
94660 194180 43322 142929
49502 100331 98850 198620
39163 93069 28147 83507
48485 110042 95974 192714
95073 193777 98539 197283
63355 150562 99544 199128
30380 86481 58614 144314
32532 79766 72442 171076
12575 73007 72732 158392
60364 140430 70442 159880
57017 123088 24957 51498
2810 36137 7954 19606
17550 93597 39701 127080
62262 161572 57154 119543
68309 145999 85945 179367
39488 79577 86217 178423
56587 142799 41416 94809
6316 52749 7960 107144
50012 111025 6712 27684
39214 104601 19641 77301
24318 75667 51554 111116
22987 106412 70031 143837
61774 156946 52437 113018
64964 154125 18876 100083
37774 84469 48163 106859
55110 114127 95639 193820
87484 184754 73660 155889
4576 20354 28412 77035
98039 197382 91872 186423
70803 155600 47622 133594
35772 110990 2332 79503
40379 102375 36570 93336
11449 36843 64146 162622
62755 143917 61842 126794
47875 109000 41538 86641
58076 121467 55560 132930
23448 109435 72929 150611
77414 167035 86094 181905
28991 92639 36113 108109
93712 191907 23992 80314
84296 175537 32150 124891
39337 112193 72846 152698
13676 28088 71495 144908
77499 156317 34611 71028
90618 187551 5841 18368
61782 159989 74734 160848
28927 91769 80523 173828
67180 159712 27890 94464
24733 74724 59420 148587
18589 101857 52273 124361
35304 103726 4300 49042
94992 193764 14205 91778
74779 169988 35790 88454
55206 110672 79682 162958
74258 153338 12711 89557
8819 39935 24458 52368
31043 121150 78384 159808
18589 101857 52273 124361
